Time - Temperature	
Temp	
Temp	Temp (c) - Temperature
Temp	
Temp	
71538	34.6921
71540	34.7863
71542	34.917
71544	34.9117
71546	34.9587
71548	35.0578
71550	35.1411
71552	35.2659
71554	35.2659
71556	35.2295
71558	35.1255
71560	35.0682
71562	34.9743
71564	34.9535
71566	34.9952
71568	35.0213
71570	35.0578
71572	35.2087
71574	35.2503
71576	35.2971
71578	35.3231
71580	35.4061
71582	35.3957
71584	35.4994
71586	35.5512
71588	35.665
71590	35.8199
71592	36.0518
71594	36.0775
71596	36.0826
71598	36.1494
71600	36.2367
71602	36.247
71604	36.2726
71606	36.247
71608	36.2162
71610	36.1854
71612	36.2521
71614	36.2829
71616	36.3444
71618	36.3752
71620	36.4622
71622	36.4315
71624	36.3752
71626	36.3957
71628	36.4212
71630	36.5338
71632	36.6819
71634	36.9163
71636	37.0587
71638	37.0688
71640	37.1551
71642	37.1247
71644	37.1754
71646	37.2058
71648	37.2261
71650	37.2717
71652	37.2667
71654	37.2819
71656	37.2768
71658	37.2717
71660	37.2819
71662	37.2616
71664	37.3325
71666	37.378
71668	37.378
71670	37.4539
71672	37.5347
71674	37.5852
71676	37.7415
71678	37.8271
71680	37.9579
71682	38.0332
71684	38.0834
71686	38.0382
71688	37.9931
71690	37.9076
71692	37.978
71694	37.983
71696	37.9579
71698	37.973
71700	37.973
71702	37.9328
71704	37.9579
71706	37.9629
71708	38.0834
71710	38.2689
71712	38.3739
71714	38.5987
71716	38.6934
71718	38.7532
71720	38.7133
71722	38.5688
71724	38.5638
71726	38.8975
71728	38.8129
71730	38.803
71732	38.6984
71734	38.6785
71736	38.6186
71738	38.5737
71740	38.7034
71742	38.7084
71744	38.6635
71746	38.5837
71748	38.5737
71750	38.6186
71752	38.7332
71754	38.8328
71756	38.9123
71758	39.0018
71760	39.1159
71762	39.2398
71764	39.3734
71766	39.3981
71768	39.5858
71770	39.6597
71772	39.7336
71774	39.778
71776	39.8321
71778	39.8469
71780	39.8764
71782	39.9206
71784	39.9452
71786	39.9206
71788	39.955
71790	40.0238
71792	40.0778
71794	40.1366
71796	40.0041
71798	39.9206
71800	39.9747
71802	39.9354
71804	39.9354
71806	39.8567
71808	39.955
71810	39.9845
71812	40.0532
71814	40.1023
71816	40.2592
71818	40.3424
71820	40.45
71822	40.5086
71824	40.5233
71826	40.5819
71828	40.5673
71830	40.5965
71832	40.5673
71834	40.5673
71836	40.5965
71838	40.6697
71840	40.7233
71842	40.8013
71844	40.8743
71846	40.9716
71848	41.0591
71850	41.1417
71852	41.229
71854	41.3162
71856	41.4228
71858	41.4615
71860	41.6017
71862	41.6693
71864	41.6162
71866	41.7128
71868	41.8526
71870	42.0308
71872	42.2183
71874	42.2663
71876	42.0068
71878	41.8912
71880	41.7513
71882	41.4953
71884	41.0202
71886	40.5624
71888	40.0385
71890	39.6104
71892	39.5216
71894	39.0911
71896	40.0434
71898	40.957
71900	41.6017
71902	41.8912
71904	41.9923
71906	42.0741
71908	42.1991
71910	42.3431
71912	42.3527
71914	42.4246
71916	42.5061
71918	42.6401
71920	42.621
71922	42.6258
71924	42.6258
71926	42.6593
71928	42.6832
71930	42.6114
71932	42.5013
71934	42.3527
71936	41.7272
71938	41.0445
71940	40.362
71942	40.4402
71944	41.5485
71946	42.4486
71948	43.1032
71950	43.3887
71952	43.4694
71954	43.4409
71956	43.4599
71958	43.4979
71960	43.6782
71962	43.9575
71964	43.8487
71966	43.9244
71968	43.9953
71970	43.8818
71972	43.9338
71974	44.0709
71976	44.1842
71978	44.0993
71980	44.4058
71982	44.5094
71984	44.5518
71986	44.533
71988	44.6647
71990	44.8291
71992	44.8526
71994	44.9182
71996	44.9417
71998	44.9323
72000	44.9229
72002	44.9558
72004	44.998
72006	44.9605
72008	44.9792
72010	45.012
72012	45.0495
72014	45.012
72016	45.012
72018	45.1011
72020	45.087
72022	45.0355
72024	44.876
72026	44.8526
72028	44.7258
72030	44.6223
72032	44.5847
72034	44.5471
72036	44.6365
72038	44.6365
72040	44.3352
72042	43.9244
72044	43.6829
72046	43.6213
72048	43.6497
72050	43.6355
72052	43.6782
72054	43.7635
72056	43.9055
72058	44.2456
72060	44.3022
72062	44.2503
72064	44.2031
72066	44.052
72068	44.0804
72070	44.2597
72072	44.3446
72074	44.3729
72076	44.4106
72078	44.3635
72080	44.4812
72082	44.4718
72084	44.5941
72086	44.7868
72088	44.9276
72090	45.087
72092	45.3678
72094	45.6479
72096	45.8064
72098	45.9368
72100	46.0578
72102	46.0252
72104	46.0949
72106	46.1414
72108	46.2111
72110	46.2529
72112	46.4663
72114	46.5405
72116	46.522
72118	46.6007
72120	46.5683
72122	46.6424
72124	46.6887
72126	46.8136
72128	46.7859
72130	45.9554
72132	44.8995
72134	44.6647
72136	46.2993
72138	47.4918
72140	46.7535
72142	45.3397
72144	43.9669
72146	42.6162
72148	41.2193
72150	40.1465
72152	39.0216
72154	38.3339
72156	37.7063
72158	37.0434
72160	36.3752
72162	35.6702
72164	35.954
72166	41.9682
72168	45.7458
72170	47.8734
72172	48.3457
72174	48.8393
72176	49.1494
72178	49.122
72180	49.2997
72182	49.5498
72184	49.5089
72186	49.4407
72188	49.4407
72190	49.518
72192	49.5953
72194	49.6725
72196	49.7452
72198	49.7406
72200	49.8178
72202	49.8087
72204	49.8178
72206	49.7906
72208	49.7724
72210	49.7997
72212	49.845
72214	49.9947
72216	50.0038
72218	50.0809
72220	50.0627
72222	50.0673
72224	50.1851
72226	50.2122
72228	50.3435
72230	50.5471
72232	50.633
72234	50.6917
72236	50.7098
72238	50.7414
72240	50.7775
72242	50.764
72244	50.7775
72246	50.7098
72248	50.6782
72250	50.6465
72252	50.6646
72254	50.7053
72256	50.6736
72258	50.8362
72260	50.94
72262	51.1159
72264	51.2376
72266	51.4583
72268	51.5933
72270	51.6472
72272	51.7282
72274	51.8585
72276	51.8765
72278	51.881
72280	51.9708
72282	52.0561
72284	52.0696
72286	52.1683
72288	52.2087
72290	52.2491
72292	52.3656
72294	52.4912
72296	52.4643
72298	52.4777
72300	52.415
72302	52.3791
72304	52.2939
72306	52.2894
72308	52.397
72310	52.5136
72312	52.5718
72314	52.639
72316	52.7195
72318	52.8314
72320	52.8135
72322	52.827
72324	52.7822
72326	52.8046
72328	52.8225
72330	52.8493
72332	52.9209
72334	53.0327
72336	53.0774
72338	53.1802
72340	53.3366
72342	53.4616
72344	53.5642
72346	53.7471
72348	53.863
72350	54.0547
72352	54.0858
72354	54.0725
72356	54.1348
72358	54.2061
72360	54.1838
72362	54.1927
72364	54.2729
72366	54.2551
72368	54.353
72370	54.4197
72372	54.3841
72374	54.3485
72376	54.3619
72378	54.3396
72380	54.353
72382	54.3396
72384	54.4286
72386	54.3574
72388	54.2951
72390	54.3218
72392	54.2729
72394	54.3396
72396	54.304
72398	54.4864
72400	54.6243
72402	54.7221
72404	54.8777
72406	55.0776
72408	55.1841
72410	55.3084
72412	55.406
72414	55.4504
72416	55.4592
72418	55.5612
72420	55.6411
72422	55.6943
72424	55.7031
72426	55.7696
72428	55.8583
72430	55.9469
72432	56.0178
72434	56.0753
72436	56.1506
72438	56.2038
72440	56.3543
72442	56.4782
72444	56.5357
72446	56.7657
72448	56.8321
72450	56.9161
72452	56.9868
72454	57.0619
72456	57.0575
72458	57.0133
72460	56.8895
72462	56.9249
72464	56.947
72466	56.9956
72468	57.0354
72470	57.0796
72472	57.1503
72474	57.3447
72476	57.464
72478	57.5126
72480	57.4861
72482	57.4463
72484	57.3977
72486	57.4021
72488	57.4463
72490	57.4552
72492	57.5567
72494	57.6539
72496	57.7289
72498	57.7686
72500	57.7686
72502	57.8172
72504	57.8613
72506	57.9187
72508	57.9805
72510	58.0467
72512	58.1438
72514	58.3026
72516	58.3908
72518	58.3864
72520	58.4393
72522	58.4702
72524	58.6422
72526	58.6907
72528	58.7568
72530	58.7788
72532	58.8273
72534	58.9023
72536	58.9508
72538	58.9904
72540	59.0125
72542	59.061
72544	59.0874
72546	59.061
72548	59.1535
72550	59.1623
72552	59.1976
72554	59.1667
72556	59.1711
72558	59.1535
72560	59.1271
72562	59.1271
72564	59.1667
72566	59.2064
72568	59.3121
72570	59.3915
72572	59.4884
72574	59.5897
72576	59.6426
72578	59.7659
72580	59.8892
72582	60.0038
72584	60.1403
72586	60.5102
72588	60.6819
72590	60.7304
72592	60.8272
72594	60.8316
72596	60.8272
72598	60.8272
72600	60.8757
72602	60.9021
72604	60.7612
72606	60.6555
72608	60.497
72610	60.453
72612	60.4442
72614	60.475
72616	60.5058
72618	60.5454
72620	60.6159
72622	60.7788
72624	60.8845
72626	60.9285
72628	60.9637
72630	61.0166
72632	61.1311
72634	61.3204
72636	61.4129
72638	61.4701
72640	61.3864
72642	61.3072
72644	61.3072
72646	61.4833
72648	61.5273
72650	61.5538
72652	61.5494
72654	61.5494
72656	61.5978
72658	61.589
72660	61.6418
72662	61.6242
72664	61.6154
72666	61.7828
72668	61.9677
72670	62.0778
72672	62.069
72674	62.0778
72676	62.0294
72678	62.047
72680	62.0118
72682	61.8884
72684	61.8136
72686	62.1219
72688	62.3553
72690	62.5844
72692	62.7474
72694	62.8531
72696	62.9236
72698	63.025
72700	63.0911
72702	63.0823
72704	63.1219
72706	63.1792
72708	63.2277
72710	63.2057
72712	63.263
72714	63.382
72716	63.4613
72718	63.4526
72720	63.4878
72722	63.6642
72724	63.8318
72726	64.0612
72728	64.092
72730	64.1538
72732	64.22
72734	64.07
72736	63.8979
72738	63.7789
72740	63.7215
72742	63.6554
72744	63.6686
72746	63.7303
72748	63.8715
72750	63.9421
72752	64.1009
72754	64.2774
72756	64.4451
72758	64.5908
72760	64.6659
72762	64.7277
72764	64.7277
72766	64.8823
72768	65.037
72770	65.0988
72772	65.2137
72774	65.3242
72776	65.364
72778	65.4348
72780	65.4702
72782	65.4569
72784	65.74
72786	65.9568
72788	65.9568
72790	65.8683
72792	65.7621
72794	65.7311
72796	65.886
72798	65.9568
72800	66.041
72802	66.0764
72804	66.0852
72806	66.1871
72808	66.2668
72810	66.4263
72812	66.5017
72814	66.5194
72816	66.515
72818	66.5327
72820	66.577
72822	66.679
72824	66.7987
72826	66.8431
72828	66.8608
72830	66.883
72832	66.9052
72834	66.8742
72836	66.8608
72838	66.9762
72840	67.0694
72842	67.2292
72844	67.2736
72846	67.3225
72848	67.2781
72850	67.1715
72852	67.2603
72854	66.9939
72856	66.6967
72858	66.6834
72860	66.7677
72862	66.9851
72864	67.1893
72866	67.2914
72868	67.3758
72870	67.4469
72872	67.4202
72874	67.5269
72876	67.6157
72878	67.6647
72880	67.6913
72882	67.7402
72884	67.847
72886	67.9671
72888	68.1585
72890	68.3055
72892	68.5015
72894	68.6353
72896	68.787
72898	68.836
72900	68.8583
72902	68.9208
72904	69.1262
72906	69.1933
72908	69.2424
72910	69.1977
72912	69.3094
72914	69.3854
72916	69.3765
72918	69.3586
72920	69.4123
72922	69.4346
72924	69.5062
72926	69.5912
72928	69.6628
72930	69.7836
72932	69.8911
72934	70.03
72936	70.0524
72938	70.1241
72940	70.1959
72942	70.3394
72944	70.4875
72946	70.4741
72948	70.519
72950	70.6088
72952	70.6178
72954	70.6178
72956	70.6762
72958	70.6537
72960	70.5819
72962	70.5235
72964	70.4831
72966	70.4337
72968	70.4067
72970	70.3798
72972	70.4651
72974	70.4696
72976	70.4337
72978	70.4651
72980	70.5414
72982	70.6043
72984	70.5639
72986	70.528
72988	70.5325
72990	70.5639
72992	70.5998
72994	70.5594
72996	70.4875
72998	70.4561
73000	70.492
73002	70.5684
73004	70.6492
73006	70.6762
73008	70.7167
73010	70.811
73012	70.8695
73014	70.9145
73016	70.9414
73018	71.0449
73020	71.1214
73022	71.2655
73024	71.3917
73026	71.4999
73028	71.536
73030	71.4864
73032	71.4278
73034	71.4503
73036	71.6037
73038	71.7029
73040	71.7074
73042	71.6533
73044	71.563
73046	71.4683
73048	71.4007
73050	71.2791
73052	71.1214
73054	70.9954
73056	70.8785
73058	70.6852
73060	70.8066
73062	71.27
73064	71.6352
73066	71.87
73068	72.0824
73070	72.39
73072	72.6528
73074	72.7163
73076	72.7435
73078	72.7344
73080	72.739
73082	72.739
73084	72.7208
73086	72.6755
73088	72.5984
73090	72.1728
73092	71.7119
73094	71.0179
73096	70.3843
73098	69.5151
73100	68.4614
73102	67.3536
73104	66.5682
73106	66.1782
73108	68.0561
73110	70.0838
73112	70.9954
73114	71.261
73116	71.2836
73118	70.838
73120	69.8822
73122	68.8896
73124	68.6977
73126	68.1897
73128	67.0028
73130	65.9258
73132	65.3021
73134	64.869
73136	64.2862
73138	63.8671
73140	63.8097
73142	62.4302
73144	61.2147
73146	66.0941
73148	69.2335
73150	71.1169
73152	72.2588
73154	72.7753
73156	73.0204
73158	73.0794
73160	73.2431
73162	73.5252
73164	73.7257
73166	73.9035
73168	74.0587
73170	74.1912
73172	74.2552
73174	74.3421
73176	74.4519
73178	74.5251
73180	74.6213
73182	74.6397
73184	74.6901
73186	74.7542
73188	74.8138
73190	74.8414
73192	74.9056
73194	74.979
73196	74.9423
73198	74.9561
73200	74.9102
73202	74.8964
73204	74.823
73206	74.7772
73208	74.2689
73210	72.6619
73212	70.9504
73214	69.3363
73216	66.8564
73218	64.6791
73220	62.6372
73222	60.814
73224	59.1843
73226	57.6671
73228	56.4163
73230	55.3217
73232	54.1304
73234	52.9478
73236	51.7372
73238	50.3888
73240	48.9442
73242	47.7816
73244	46.4849
73246	44.9276
73248	43.4029
73250	41.9008
73252	40.7136
73254	39.5858
73256	38.4339
73258	37.4387
73260	36.5951
73262	36.026
73264	35.3387
73266	34.6607
73268	33.913
73270	33.5255
73272	33.1895
73274	32.8303
73276	32.6149
73278	32.3989
73280	32.1224
73282	31.7466
73284	31.2311
73286	31.3301
73288	31.5223
73290	31.8503
73292	31.7084
73294	31.7521
73296	32.0246
73298	32.0192
73300	32.2418
73302	33.0235
73304	33.6585
73306	34.2141
73308	34.6554
73310	35.5409
73312	36.1032
73314	36.6309
73316	37.1399
73318	37.9227
73320	38.1586
73322	38.6635
73324	39.22
73326	39.3338
73328	38.6436
73330	38.5688
73332	38.4289
73334	38.5438
73336	38.4539
73338	38.2939
73340	37.7466
73342	37.7365
73344	37.0383
73346	36.4673
73348	36.0209
73350	35.3957
73352	35.2087
73354	35.4165
73356	36.0621
73358	36.6768
73360	37.0282
73362	37.1957
73364	39.3882
73366	39.9599
73368	39.9009
73370	39.8715
73372	39.5018
73374	40.4549
73376	40.009
73378	40.3767
73380	40.1857
73382	40.4989
73384	40.3816
73386	39.7878
73388	39.0762
73390	38.9173
73392	37.9679
73394	37.8422
73396	43.3507
73398	54.7933
73400	60.3781
73402	62.3421
73404	63.2365
73406	63.9597
73408	63.025
73410	59.9641
73412	57.4817
73414	55.4282
73416	53.6936
73418	52.3522
73420	50.8633
73422	49.2632
73424	47.754
73426	46.2204
73428	44.6694
73430	43.9244
73432	51.4313
73434	61.4657
73436	65.2049
73438	62.884
73440	62.5007
73442	61.567
73444	67.0871
73446	71.545
73448	72.6075
73450	72.3583
73452	71.4774
73454	70.883
73456	70.7706
73458	70.5774
73460	70.3574
73462	70.4741
73464	70.847
73466	72.2407
73468	71.1935
73470	68.9699
73472	67.2248
73474	67.2203
73476	69.2066
73478	72.0598
73480	73.899
73482	75.1352
73484	76.2323
73486	77.1787
73488	77.5421
73490	77.7382
73492	78.0702
73494	78.5016
73496	78.9531
73498	79.203
73500	79.2219
73502	78.0047
73504	77.351
73506	73.5707
73508	69.8329
73510	66.7721
73512	65.6205
73514	64.6261
73516	62.3465
73518	65.8904
73520	72.2859
73522	75.5953
73524	74.6717
73526	72.544
73528	74.9056
73530	76.0797
73532	75.3099
73534	70.5325
73536	66.4529
73538	63.4261
73540	60.7128
73542	58.2099
73544	55.7209
73546	53.5241
73548	51.6203
73550	49.8042
73552	47.8505
73554	46.2576
73556	44.5094
73558	42.6593
73560	41.2435
73562	40.1906
73564	39.5907
73566	39.0464
73568	38.6386
73570	38.2338
73572	37.7063
73574	37.2869
73576	36.7788
73578	36.3444
73580	35.7167
73582	35.2763
