Time (s) - Voltage	Voltage (V) - Voltage
71540	7.79874
71542	7.79073
71544	7.79105
71546	7.78817
71548	7.78208
71550	7.77695
71552	7.76927
71554	7.76927
71556	7.77151
71558	7.77791
71560	7.78144
71562	7.7872
71564	7.78848
71566	7.78592
71568	7.78432
71570	7.78208
71572	7.77279
71574	7.77023
71576	7.76734
71578	7.76574
71580	7.76062
71582	7.76126
71584	7.75485
71586	7.75165
71588	7.7446
71590	7.73499
71592	7.72057
71594	7.71897
71596	7.71865
71598	7.71449
71600	7.70904
71602	7.7084
71604	7.7068
71606	7.7084
71608	7.71032
71610	7.71224
71612	7.70808
71614	7.70616
71616	7.70231
71618	7.70039
71620	7.69495
71622	7.69687
71624	7.70039
71626	7.69911
71628	7.69751
71630	7.69046
71632	7.68117
71634	7.66644
71636	7.65747
71638	7.65683
71640	7.65138
71642	7.6533
71644	7.6501
71646	7.64818
71648	7.6469
71650	7.64401
71652	7.64433
71654	7.64337
71656	7.64369
71658	7.64401
71660	7.64337
71662	7.64465
71664	7.64017
71666	7.63729
71668	7.63729
71670	7.63248
71672	7.62736
71674	7.62415
71676	7.61422
71678	7.60878
71680	7.60045
71682	7.59564
71684	7.59244
71686	7.59532
71688	7.5982
71690	7.60365
71692	7.59916
71694	7.59884
71696	7.60045
71698	7.59949
71700	7.59949
71702	7.60205
71704	7.60045
71706	7.60013
71708	7.59244
71710	7.58059
71712	7.57386
71714	7.55944
71716	7.55336
71718	7.54951
71720	7.55208
71722	7.56137
71724	7.56169
71726	7.54022
71728	7.54567
71730	7.54631
71732	7.55304
71734	7.55432
71736	7.55816
71738	7.56104
71740	7.55272
71742	7.55239
71744	7.55528
71746	7.5604
71748	7.56104
71750	7.55816
71752	7.55079
71754	7.54439
71756	7.53926
71758	7.53349
71760	7.52613
71762	7.51812
71764	7.50947
71766	7.50787
71768	7.4957
71770	7.49089
71772	7.48609
71774	7.4832
71776	7.47968
71778	7.47872
71780	7.4768
71782	7.47391
71784	7.47231
71786	7.47391
71788	7.47167
71790	7.46719
71792	7.46366
71794	7.45982
71796	7.46847
71798	7.47391
71800	7.47039
71802	7.47295
71804	7.47295
71806	7.47808
71808	7.47167
71810	7.46975
71812	7.46526
71814	7.46206
71816	7.45181
71818	7.44636
71820	7.43932
71822	7.43547
71824	7.43451
71826	7.43067
71828	7.43163
71830	7.42971
71832	7.43163
71834	7.43163
71836	7.42971
71838	7.4249
71840	7.42138
71842	7.41625
71844	7.41145
71846	7.40504
71848	7.39927
71850	7.39383
71852	7.38806
71854	7.3823
71856	7.37525
71858	7.37269
71860	7.3634
71862	7.35891
71864	7.36243
71866	7.35603
71868	7.34674
71870	7.33489
71872	7.32239
71874	7.31919
71876	7.33649
71878	7.34418
71880	7.35347
71882	7.37044
71884	7.40184
71886	7.43195
71888	7.46622
71890	7.49409
71892	7.49986
71894	7.52773
71896	7.4659
71898	7.406
71900	7.3634
71902	7.34418
71904	7.33745
71906	7.332
71908	7.32367
71910	7.31406
71912	7.31342
71914	7.30862
71916	7.30317
71918	7.2942
71920	7.29548
71922	7.29516
71924	7.29516
71926	7.29292
71928	7.29132
71930	7.29613
71932	7.30349
71934	7.31342
71936	7.35507
71938	7.40023
71940	7.44508
71942	7.43996
71944	7.36692
71946	7.30702
71948	7.26313
71950	7.24391
71952	7.23846
71954	7.24039
71956	7.23911
71958	7.23654
71960	7.22437
71962	7.20547
71964	7.21284
71966	7.20771
71968	7.20291
71970	7.21059
71972	7.20707
71974	7.19778
71976	7.19009
71978	7.19586
71980	7.17504
71982	7.16799
71984	7.16511
71986	7.16639
71988	7.15742
71990	7.14621
71992	7.1446
71994	7.14012
71996	7.13852
71998	7.13916
72000	7.1398
72002	7.13756
72004	7.13467
72006	7.13724
72008	7.13596
72010	7.13371
72012	7.13115
72014	7.13371
72016	7.13371
72018	7.12763
72020	7.12859
72022	7.13211
72024	7.143
72026	7.1446
72028	7.15325
72030	7.1603
72032	7.16286
72034	7.16543
72036	7.15934
72038	7.15934
72040	7.17984
72042	7.20771
72044	7.22405
72046	7.22821
72048	7.22629
72050	7.22725
72052	7.22437
72054	7.2186
72056	7.20899
72058	7.18593
72060	7.18208
72062	7.18561
72064	7.18881
72066	7.19906
72068	7.19714
72070	7.18497
72072	7.1792
72074	7.17728
72076	7.17472
72078	7.17792
72080	7.16991
72082	7.17055
72084	7.16222
72086	7.14909
72088	7.13948
72090	7.12859
72092	7.10937
72094	7.09015
72096	7.07926
72098	7.07029
72100	7.06196
72102	7.0642
72104	7.05939
72106	7.05619
72108	7.05139
72110	7.0485
72112	7.03377
72114	7.02864
72116	7.02992
72118	7.02448
72120	7.02672
72122	7.0216
72124	7.01839
72126	7.00974
72128	7.01166
72130	7.069
72132	7.1414
72134	7.15742
72136	7.0453
72138	6.96265
72140	7.01391
72142	7.11129
72144	7.20483
72146	7.2958
72148	7.3887
72150	7.45918
72152	7.53222
72154	7.57642
72156	7.61646
72158	7.65843
72160	7.70039
72162	7.74428
72164	7.72666
72166	7.33905
72168	7.08342
72170	6.93606
72172	6.90307
72174	6.86847
72176	6.84669
72178	6.84861
72180	6.83612
72182	6.8185
72184	6.82138
72186	6.82619
72188	6.82619
72190	6.82074
72192	6.8153
72194	6.80985
72196	6.80473
72198	6.80505
72200	6.7996
72202	6.80024
72204	6.7996
72206	6.80152
72208	6.8028
72210	6.80088
72212	6.79768
72214	6.78711
72216	6.78646
72218	6.78102
72220	6.7823
72222	6.78198
72224	6.77365
72226	6.77173
72228	6.76244
72230	6.74802
72232	6.74194
72234	6.73777
72236	6.73649
72238	6.73425
72240	6.73169
72242	6.73265
72244	6.73169
72246	6.73649
72248	6.73874
72250	6.74098
72252	6.7397
72254	6.73681
72256	6.73906
72258	6.72752
72260	6.72016
72262	6.70766
72264	6.69901
72266	6.68332
72268	6.67371
72270	6.66986
72272	6.6641
72274	6.65481
72276	6.65352
72278	6.6532
72280	6.6468
72282	6.64071
72284	6.63975
72286	6.6327
72288	6.62982
72290	6.62694
72292	6.61861
72294	6.60964
72296	6.61156
72298	6.6106
72300	6.61508
72302	6.61765
72304	6.62373
72306	6.62405
72308	6.61637
72310	6.60804
72312	6.60387
72314	6.59907
72316	6.5933
72318	6.58529
72320	6.58657
72322	6.58561
72324	6.58882
72326	6.58722
72328	6.58593
72330	6.58401
72332	6.57889
72334	6.57088
72336	6.56767
72338	6.56031
72340	6.5491
72342	6.54012
72344	6.53276
72346	6.51962
72348	6.5113
72350	6.49752
72352	6.49528
72354	6.49624
72356	6.49175
72358	6.48663
72360	6.48823
72362	6.48759
72364	6.48182
72366	6.4831
72368	6.47606
72370	6.47125
72372	6.47381
72374	6.47638
72376	6.47542
72378	6.47702
72380	6.47606
72382	6.47702
72384	6.47061
72386	6.47574
72388	6.48022
72390	6.4783
72392	6.48182
72394	6.47702
72396	6.47958
72398	6.46645
72400	6.45652
72402	6.44947
72404	6.43826
72406	6.42384
72408	6.41615
72410	6.40718
72412	6.40014
72414	6.39693
72416	6.39629
72418	6.38893
72420	6.38316
72422	6.37931
72424	6.37867
72426	6.37387
72428	6.36746
72430	6.36106
72432	6.35593
72434	6.35177
72436	6.34632
72438	6.34248
72440	6.33158
72442	6.32261
72444	6.31845
72446	6.30179
72448	6.29699
72450	6.2909
72452	6.28578
72454	6.28033
72456	6.28065
72458	6.28385
72460	6.29282
72462	6.29026
72464	6.28866
72466	6.28514
72468	6.28225
72470	6.27905
72472	6.27392
72474	6.25983
72476	6.25118
72478	6.24766
72480	6.24958
72482	6.25246
72484	6.25599
72486	6.25566
72488	6.25246
72490	6.25182
72492	6.24445
72494	6.2374
72496	6.23196
72498	6.22908
72500	6.22908
72502	6.22555
72504	6.22235
72506	6.21818
72508	6.2137
72510	6.20889
72512	6.20185
72514	6.19032
72516	6.18391
72518	6.18423
72520	6.18038
72522	6.17814
72524	6.16565
72526	6.16212
72528	6.15732
72530	6.15572
72532	6.15219
72534	6.14675
72536	6.14322
72538	6.14034
72540	6.13874
72542	6.13522
72544	6.1333
72546	6.13522
72548	6.12849
72550	6.12785
72552	6.12529
72554	6.12753
72556	6.12721
72558	6.12849
72560	6.13041
72562	6.13041
72564	6.12753
72566	6.12465
72568	6.11696
72570	6.11119
72572	6.10414
72574	6.09678
72576	6.09293
72578	6.08396
72580	6.07499
72582	6.06666
72584	6.05673
72586	6.02983
72588	6.01733
72590	6.01381
72592	6.00676
72594	6.00644
72596	6.00676
72598	6.00676
72600	6.00324
72602	6.00131
72604	6.01157
72606	6.01925
72608	6.03079
72610	6.03399
72612	6.03463
72614	6.03239
72616	6.03015
72618	6.02726
72620	6.02214
72622	6.01028
72624	6.0026
72626	5.99939
72628	5.99683
72630	5.99299
72632	5.98466
72634	5.97088
72636	5.96416
72638	5.95999
72640	5.96608
72642	5.97184
72644	5.97184
72646	5.95903
72648	5.95583
72650	5.95391
72652	5.95423
72654	5.95423
72656	5.9507
72658	5.95134
72660	5.9475
72662	5.94878
72664	5.94942
72666	5.93725
72668	5.92379
72670	5.91578
72672	5.91643
72674	5.91578
72676	5.91931
72678	5.91803
72680	5.92059
72682	5.92956
72684	5.93501
72686	5.91258
72688	5.8956
72690	5.87895
72692	5.86709
72694	5.85941
72696	5.85428
72698	5.84691
72700	5.84211
72702	5.84275
72704	5.83986
72706	5.8357
72708	5.83218
72710	5.83378
72712	5.82961
72714	5.82096
72716	5.8152
72718	5.81584
72720	5.81328
72722	5.80046
72724	5.78829
72726	5.77163
72728	5.76939
72730	5.7649
72732	5.7601
72734	5.77099
72736	5.78349
72738	5.79213
72740	5.7963
72742	5.8011
72744	5.80014
72746	5.79566
72748	5.78541
72750	5.78028
72752	5.76875
72754	5.75594
72756	5.74376
72758	5.73319
72760	5.72775
72762	5.72326
72764	5.72326
72766	5.71205
72768	5.70084
72770	5.69635
72772	5.68802
72774	5.68002
72776	5.67713
72778	5.67201
72780	5.66944
72782	5.6704
72784	5.6499
72786	5.63421
72788	5.63421
72790	5.64061
72792	5.6483
72794	5.65054
72796	5.63933
72798	5.63421
72800	5.62812
72802	5.62556
72804	5.62492
72806	5.61755
72808	5.61178
72810	5.60025
72812	5.5948
72814	5.59352
72816	5.59384
72818	5.59256
72820	5.58936
72822	5.58199
72824	5.57334
72826	5.57014
72828	5.56886
72830	5.56726
72832	5.56565
72834	5.5679
72836	5.56886
72838	5.56053
72840	5.5538
72842	5.54227
72844	5.53907
72846	5.53554
72848	5.53875
72850	5.54643
72852	5.54003
72854	5.55925
72856	5.58071
72858	5.58167
72860	5.57558
72862	5.55989
72864	5.54515
72866	5.53778
72868	5.5317
72870	5.52657
72872	5.52849
72874	5.52081
72876	5.5144
72878	5.51088
72880	5.50896
72882	5.50543
72884	5.49774
72886	5.48909
72888	5.47532
72890	5.46475
72892	5.45065
72894	5.44104
72896	5.43015
72898	5.42663
72900	5.42503
72902	5.42054
72904	5.40581
72906	5.401
72908	5.39748
72910	5.40068
72912	5.39267
72914	5.38723
72916	5.38787
72918	5.38915
72920	5.3853
72922	5.3837
72924	5.37858
72926	5.37249
72928	5.36736
72930	5.35872
72932	5.35103
72934	5.3411
72936	5.33949
72938	5.33437
72940	5.32924
72942	5.31899
72944	5.30842
72946	5.30938
72948	5.30618
72950	5.29977
72952	5.29913
72954	5.29913
72956	5.29497
72958	5.29657
72960	5.30169
72962	5.30586
72964	5.30874
72966	5.31227
72968	5.31419
72970	5.31611
72972	5.31002
72974	5.3097
72976	5.31227
72978	5.31002
72980	5.30458
72982	5.30009
72984	5.30298
72986	5.30554
72988	5.30522
72990	5.30298
72992	5.30041
72994	5.3033
72996	5.30842
72998	5.31067
73000	5.3081
73002	5.30266
73004	5.29689
73006	5.29497
73008	5.29208
73010	5.28536
73012	5.28119
73014	5.27799
73016	5.27607
73018	5.2687
73020	5.26325
73022	5.253
73024	5.24403
73026	5.23635
73028	5.23378
73030	5.23731
73032	5.24147
73034	5.23987
73036	5.22898
73038	5.22193
73040	5.22161
73042	5.22545
73044	5.23186
73046	5.23859
73048	5.24339
73050	5.25204
73052	5.26325
73054	5.27222
73056	5.28055
73058	5.29433
73060	5.28568
73062	5.25268
73064	5.22674
73066	5.21008
73068	5.19502
73070	5.17324
73072	5.15466
73074	5.15018
73076	5.14825
73078	5.14889
73080	5.14857
73082	5.14857
73084	5.14985
73086	5.15306
73088	5.1585
73090	5.18862
73092	5.22129
73094	5.27062
73096	5.31579
73098	5.37794
73100	5.45354
73102	5.5333
73104	5.59
73106	5.61819
73108	5.48269
73110	5.33725
73112	5.27222
73114	5.25332
73116	5.25172
73118	5.28344
73120	5.35167
73122	5.42278
73124	5.43656
73126	5.47308
73128	5.55861
73130	5.63645
73132	5.68162
73134	5.71301
73136	5.75529
73138	5.78573
73140	5.78989
73142	5.89016
73144	5.97857
73146	5.62428
73148	5.39812
73150	5.26357
73152	5.18253
73154	5.14601
73156	5.12871
73158	5.12455
73160	5.11302
73162	5.09315
73164	5.07906
73166	5.06657
73168	5.05568
73170	5.04638
73172	5.0419
73174	5.03581
73176	5.02813
73178	5.023
73180	5.01627
73182	5.01499
73184	5.01147
73186	5.00698
73188	5.00282
73190	5.0009
73192	4.99641
73194	4.99129
73196	4.99385
73198	4.99289
73200	4.99609
73202	4.99705
73204	5.00218
73206	5.00538
73208	5.04094
73210	5.15402
73212	5.27543
73214	5.39075
73216	5.56918
73218	5.72678
73220	5.8751
73222	6.00772
73224	6.12625
73226	6.23644
73228	6.3271
73230	6.40622
73232	6.49207
73234	6.57696
73236	6.66346
73238	6.75924
73240	6.8611
73242	6.94247
73244	7.03249
73246	7.13948
73248	7.24295
73250	7.34353
73252	7.42202
73254	7.4957
73256	7.57001
73258	7.63344
73260	7.68662
73262	7.72218
73264	7.76478
73266	7.80643
73268	7.85191
73270	7.8753
73272	7.89548
73274	7.91694
73276	7.92975
73278	7.94257
73280	7.95891
73282	7.98101
73284	8.01112
73286	8.00536
73288	7.99414
73290	7.97492
73292	7.98325
73294	7.98069
73296	7.96467
73298	7.96499
73300	7.95186
73302	7.90541
73304	7.86729
73306	7.83365
73308	7.80675
73310	7.75229
73312	7.71737
73314	7.68438
73316	7.65234
73318	7.60269
73320	7.58763
73322	7.55528
73324	7.5194
73326	7.51203
73328	7.55656
73330	7.56137
73332	7.57034
73334	7.56297
73336	7.56873
73338	7.57898
73340	7.6139
73342	7.61454
73344	7.65875
73346	7.69463
73348	7.7225
73350	7.76126
73352	7.77279
73354	7.75998
73356	7.71993
73358	7.68149
73360	7.65939
73362	7.64882
73364	7.50851
73366	7.47135
73368	7.47519
73370	7.47712
73372	7.50114
73374	7.439
73376	7.46815
73378	7.44412
73380	7.45661
73382	7.43611
73384	7.4438
73386	7.48256
73388	7.52869
73390	7.53894
73392	7.59981
73394	7.60781
73396	7.24647
73398	6.44434
73400	6.03943
73402	5.89656
73404	5.83154
73406	5.779
73408	5.84691
73410	6.06955
73412	6.2499
73414	6.39853
73416	6.52347
73418	6.61957
73420	6.7256
73422	6.83868
73424	6.94439
73426	7.05075
73428	7.1571
73430	7.20771
73432	6.68524
73434	5.96031
73436	5.68866
73438	5.85716
73440	5.88503
73442	5.95294
73444	5.55252
73446	5.23314
73448	5.15786
73450	5.17548
73452	5.23795
73454	5.28023
73456	5.28824
73458	5.30202
73460	5.31771
73462	5.30938
73464	5.28279
73466	5.18381
73468	5.25813
73470	5.41702
73472	5.54259
73474	5.54291
73476	5.40004
73478	5.19662
73480	5.06689
73482	4.98039
73484	4.90415
73486	4.8388
73488	4.81382
73490	4.80036
73492	4.77762
73494	4.74815
73496	4.7174
73498	4.70042
73500	4.69914
73502	4.7821
73504	4.82695
73506	5.08995
73508	5.35519
73510	5.57526
73512	5.65855
73514	5.73063
73516	5.89624
73518	5.63901
73520	5.18061
73522	4.94836
73524	5.01275
73526	5.16235
73528	4.99641
73530	4.91473
73532	4.96822
73534	5.30522
73536	5.59833
73538	5.81776
73540	6.01509
73542	6.19704
73544	6.37739
73546	6.53564
73548	6.67178
73550	6.80056
73552	6.93767
73554	7.04818
73556	7.16799
73558	7.29292
73560	7.3871
73562	7.4563
73564	7.49537
73566	7.53061
73568	7.55688
73570	7.58283
73572	7.61646
73574	7.64305
73576	7.67509
73578	7.70231
73580	7.7414
73582	7.76863
